1,
1,
6.12323e-17,
-1,
1,
0.707107,
6.12323e-17,
-0.707107,
-1,
-0.707107,
1,
0.92388,
0.707107,
0.382683,
6.12323e-17,
-0.382683,
-0.707107,
-0.92388,
-1,
-0.92388,
-0.707107,
-0.382683,
1,
0.980785,
0.92388,
0.83147,
0.707107,
0.55557,
0.382683,
0.19509,
6.12323e-17,
-0.19509,
-0.382683,
-0.55557,
-0.707107,
-0.83147,
-0.92388,
-0.980785,
-1,
-0.980785,
-0.92388,
-0.83147,
-0.707107,
-0.55557,
-0.382683,
-0.19509,
1,
0.995185,
0.980785,
0.95694,
0.92388,
0.881921,
0.83147,
0.77301,
0.707107,
0.634393,
0.55557,
0.471397,
0.382683,
0.290285,
0.19509,
0.0980171,
6.12323e-17,
-0.0980171,
-0.19509,
-0.290285,
-0.382683,
-0.471397,
-0.55557,
-0.634393,
-0.707107,
-0.77301,
-0.83147,
-0.881921,
-0.92388,
-0.95694,
-0.980785,
-0.995185,
-1,
-0.995185,
-0.980785,
-0.95694,
-0.92388,
-0.881921,
-0.83147,
-0.77301,
-0.707107,
-0.634393,
-0.55557,
-0.471397,
-0.382683,
-0.290285,
-0.19509,
-0.0980171,
1,
0.998795,
0.995185,
0.989177,
0.980785,
0.970031,
0.95694,
0.941544,
0.92388,
0.903989,
0.881921,
0.857729,
0.83147,
0.803208,
0.77301,
0.740951,
0.707107,
0.671559,
0.634393,
0.595699,
0.55557,
0.514103,
0.471397,
0.427555,
0.382683,
0.33689,
0.290285,
0.24298,
0.19509,
0.14673,
0.0980171,
0.0490677,
6.12323e-17,
-0.0490677,
-0.0980171,
-0.14673,
-0.19509,
-0.24298,
-0.290285,
-0.33689,
-0.382683,
-0.427555,
-0.471397,
-0.514103,
-0.55557,
-0.595699,
-0.634393,
-0.671559,
-0.707107,
-0.740951,
-0.77301,
-0.803208,
-0.83147,
-0.857729,
-0.881921,
-0.903989,
-0.92388,
-0.941544,
-0.95694,
-0.970031,
-0.980785,
-0.989177,
-0.995185,
-0.998795,
-1,
-0.998795,
-0.995185,
-0.989177,
-0.980785,
-0.970031,
-0.95694,
-0.941544,
-0.92388,
-0.903989,
-0.881921,
-0.857729,
-0.83147,
-0.803208,
-0.77301,
-0.740951,
-0.707107,
-0.671559,
-0.634393,
-0.595699,
-0.55557,
-0.514103,
-0.471397,
-0.427555,
-0.382683,
-0.33689,
-0.290285,
-0.24298,
-0.19509,
-0.14673,
-0.0980171,
-0.0490677,
1,
0.999699,
0.998795,
0.99729,
0.995185,
0.99248,
0.989177,
0.985278,
0.980785,
0.975702,
0.970031,
0.963776,
0.95694,
0.949528,
0.941544,
0.932993,
0.92388,
0.91421,
0.903989,
0.893224,
0.881921,
0.870087,
0.857729,
0.844854,
0.83147,
0.817585,
0.803208,
0.788346,
0.77301,
0.757209,
0.740951,
0.724247,
0.707107,
0.689541,
0.671559,
0.653173,
0.634393,
0.615232,
0.595699,
0.575808,
0.55557,
0.534998,
0.514103,
0.492898,
0.471397,
0.449611,
0.427555,
0.405241,
0.382683,
0.359895,
0.33689,
0.313682,
0.290285,
0.266713,
0.24298,
0.219101,
0.19509,
0.170962,
0.14673,
0.122411,
0.0980171,
0.0735646,
0.0490677,
0.0245412,
6.12323e-17,
-0.0245412,
-0.0490677,
-0.0735646,
-0.0980171,
-0.122411,
-0.14673,
-0.170962,
-0.19509,
-0.219101,
-0.24298,
-0.266713,
-0.290285,
-0.313682,
-0.33689,
-0.359895,
-0.382683,
-0.405241,
-0.427555,
-0.449611,
-0.471397,
-0.492898,
-0.514103,
-0.534998,
-0.55557,
-0.575808,
-0.595699,
-0.615232,
-0.634393,
-0.653173,
-0.671559,
-0.689541,
-0.707107,
-0.724247,
-0.740951,
-0.757209,
-0.77301,
-0.788346,
-0.803208,
-0.817585,
-0.83147,
-0.844854,
-0.857729,
-0.870087,
-0.881921,
-0.893224,
-0.903989,
-0.91421,
-0.92388,
-0.932993,
-0.941544,
-0.949528,
-0.95694,
-0.963776,
-0.970031,
-0.975702,
-0.980785,
-0.985278,
-0.989177,
-0.99248,
-0.995185,
-0.99729,
-0.998795,
-0.999699,
-1,
-0.999699,
-0.998795,
-0.99729,
-0.995185,
-0.99248,
-0.989177,
-0.985278,
-0.980785,
-0.975702,
-0.970031,
-0.963776,
-0.95694,
-0.949528,
-0.941544,
-0.932993,
-0.92388,
-0.91421,
-0.903989,
-0.893224,
-0.881921,
-0.870087,
-0.857729,
-0.844854,
-0.83147,
-0.817585,
-0.803208,
-0.788346,
-0.77301,
-0.757209,
-0.740951,
-0.724247,
-0.707107,
-0.689541,
-0.671559,
-0.653173,
-0.634393,
-0.615232,
-0.595699,
-0.575808,
-0.55557,
-0.534998,
-0.514103,
-0.492898,
-0.471397,
-0.449611,
-0.427555,
-0.405241,
-0.382683,
-0.359895,
-0.33689,
-0.313682,
-0.290285,
-0.266713,
-0.24298,
-0.219101,
-0.19509,
-0.170962,
-0.14673,
-0.122411,
-0.0980171,
-0.0735646,
-0.0490677,
-0.0245412,
1,
0.999925,
0.999699,
0.999322,
0.998795,
0.998118,
0.99729,
0.996313,
0.995185,
0.993907,
0.99248,
0.990903,
0.989177,
0.987301,
0.985278,
0.983105,
0.980785,
0.978317,
0.975702,
0.97294,
0.970031,
0.966976,
0.963776,
0.960431,
0.95694,
0.953306,
0.949528,
0.945607,
0.941544,
0.937339,
0.932993,
0.928506,
0.92388,
0.919114,
0.91421,
0.909168,
0.903989,
0.898674,
0.893224,
0.88764,
0.881921,
0.87607,
0.870087,
0.863973,
0.857729,
0.851355,
0.844854,
0.838225,
0.83147,
0.824589,
0.817585,
0.810457,
0.803208,
0.795837,
0.788346,
0.780737,
0.77301,
0.765167,
0.757209,
0.749136,
0.740951,
0.732654,
0.724247,
0.715731,
0.707107,
0.698376,
0.689541,
0.680601,
0.671559,
0.662416,
0.653173,
0.643832,
0.634393,
0.62486,
0.615232,
0.605511,
0.595699,
0.585798,
0.575808,
0.565732,
0.55557,
0.545325,
0.534998,
0.52459,
0.514103,
0.503538,
0.492898,
0.482184,
0.471397,
0.460539,
0.449611,
0.438616,
0.427555,
0.41643,
0.405241,
0.393992,
0.382683,
0.371317,
0.359895,
0.348419,
0.33689,
0.32531,
0.313682,
0.302006,
0.290285,
0.27852,
0.266713,
0.254866,
0.24298,
0.231058,
0.219101,
0.207111,
0.19509,
0.18304,
0.170962,
0.158858,
0.14673,
0.134581,
0.122411,
0.110222,
0.0980171,
0.0857973,
0.0735646,
0.0613207,
0.0490677,
0.0368072,
0.0245412,
0.0122715,
6.12323e-17,
-0.0122715,
-0.0245412,
-0.0368072,
-0.0490677,
-0.0613207,
-0.0735646,
-0.0857973,
-0.0980171,
-0.110222,
-0.122411,
-0.134581,
-0.14673,
-0.158858,
-0.170962,
-0.18304,
-0.19509,
-0.207111,
-0.219101,
-0.231058,
-0.24298,
-0.254866,
-0.266713,
-0.27852,
-0.290285,
-0.302006,
-0.313682,
-0.32531,
-0.33689,
-0.348419,
-0.359895,
-0.371317,
-0.382683,
-0.393992,
-0.405241,
-0.41643,
-0.427555,
-0.438616,
-0.449611,
-0.460539,
-0.471397,
-0.482184,
-0.492898,
-0.503538,
-0.514103,
-0.52459,
-0.534998,
-0.545325,
-0.55557,
-0.565732,
-0.575808,
-0.585798,
-0.595699,
-0.605511,
-0.615232,
-0.62486,
-0.634393,
-0.643832,
-0.653173,
-0.662416,
-0.671559,
-0.680601,
-0.689541,
-0.698376,
-0.707107,
-0.715731,
-0.724247,
-0.732654,
-0.740951,
-0.749136,
-0.757209,
-0.765167,
-0.77301,
-0.780737,
-0.788346,
-0.795837,
-0.803208,
-0.810457,
-0.817585,
-0.824589,
-0.83147,
-0.838225,
-0.844854,
-0.851355,
-0.857729,
-0.863973,
-0.870087,
-0.87607,
-0.881921,
-0.88764,
-0.893224,
-0.898674,
-0.903989,
-0.909168,
-0.91421,
-0.919114,
-0.92388,
-0.928506,
-0.932993,
-0.937339,
-0.941544,
-0.945607,
-0.949528,
-0.953306,
-0.95694,
-0.960431,
-0.963776,
-0.966976,
-0.970031,
-0.97294,
-0.975702,
-0.978317,
-0.980785,
-0.983105,
-0.985278,
-0.987301,
-0.989177,
-0.990903,
-0.99248,
-0.993907,
-0.995185,
-0.996313,
-0.99729,
-0.998118,
-0.998795,
-0.999322,
-0.999699,
-0.999925,
-1,
-0.999925,
-0.999699,
-0.999322,
-0.998795,
-0.998118,
-0.99729,
-0.996313,
-0.995185,
-0.993907,
-0.99248,
-0.990903,
-0.989177,
-0.987301,
-0.985278,
-0.983105,
-0.980785,
-0.978317,
-0.975702,
-0.97294,
-0.970031,
-0.966976,
-0.963776,
-0.960431,
-0.95694,
-0.953306,
-0.949528,
-0.945607,
-0.941544,
-0.937339,
-0.932993,
-0.928506,
-0.92388,
-0.919114,
-0.91421,
-0.909168,
-0.903989,
-0.898674,
-0.893224,
-0.88764,
-0.881921,
-0.87607,
-0.870087,
-0.863973,
-0.857729,
-0.851355,
-0.844854,
-0.838225,
-0.83147,
-0.824589,
-0.817585,
-0.810457,
-0.803208,
-0.795837,
-0.788346,
-0.780737,
-0.77301,
-0.765167,
-0.757209,
-0.749136,
-0.740951,
-0.732654,
-0.724247,
-0.715731,
-0.707107,
-0.698376,
-0.689541,
-0.680601,
-0.671559,
-0.662416,
-0.653173,
-0.643832,
-0.634393,
-0.62486,
-0.615232,
-0.605511,
-0.595699,
-0.585798,
-0.575808,
-0.565732,
-0.55557,
-0.545325,
-0.534998,
-0.52459,
-0.514103,
-0.503538,
-0.492898,
-0.482184,
-0.471397,
-0.460539,
-0.449611,
-0.438616,
-0.427555,
-0.41643,
-0.405241,
-0.393992,
-0.382683,
-0.371317,
-0.359895,
-0.348419,
-0.33689,
-0.32531,
-0.313682,
-0.302006,
-0.290285,
-0.27852,
-0.266713,
-0.254866,
-0.24298,
-0.231058,
-0.219101,
-0.207111,
-0.19509,
-0.18304,
-0.170962,
-0.158858,
-0.14673,
-0.134581,
-0.122411,
-0.110222,
-0.0980171,
-0.0857973,
-0.0735646,
-0.0613207,
-0.0490677,
-0.0368072,
-0.0245412,
-0.0122715,
1,
0.999981,
0.999925,
0.999831,
0.999699,
0.999529,
0.999322,
0.999078,
0.998795,
0.998476,
0.998118,
0.997723,
0.99729,
0.99682,
0.996313,
0.995767,
0.995185,
0.994565,
0.993907,
0.993212,
0.99248,
0.99171,
0.990903,
0.990058,
0.989177,
0.988258,
0.987301,
0.986308,
0.985278,
0.98421,
0.983105,
0.981964,
0.980785,
0.97957,
0.978317,
0.977028,
0.975702,
0.974339,
0.97294,
0.971504,
0.970031,
0.968522,
0.966976,
0.965394,
0.963776,
0.962121,
0.960431,
0.958703,
0.95694,
0.955141,
0.953306,
0.951435,
0.949528,
0.947586,
0.945607,
0.943593,
0.941544,
0.939459,
0.937339,
0.935184,
0.932993,
0.930767,
0.928506,
0.92621,
0.92388,
0.921514,
0.919114,
0.916679,
0.91421,
0.911706,
0.909168,
0.906596,
0.903989,
0.901349,
0.898674,
0.895966,
0.893224,
0.890449,
0.88764,
0.884797,
0.881921,
0.879012,
0.87607,
0.873095,
0.870087,
0.867046,
0.863973,
0.860867,
0.857729,
0.854558,
0.851355,
0.84812,
0.844854,
0.841555,
0.838225,
0.834863,
0.83147,
0.828045,
0.824589,
0.821102,
0.817585,
0.814036,
0.810457,
0.806848,
0.803208,
0.799537,
0.795837,
0.792107,
0.788346,
0.784557,
0.780737,
0.776888,
0.77301,
0.769103,
0.765167,
0.761202,
0.757209,
0.753187,
0.749136,
0.745058,
0.740951,
0.736817,
0.732654,
0.728464,
0.724247,
0.720003,
0.715731,
0.711432,
0.707107,
0.702755,
0.698376,
0.693971,
0.689541,
0.685084,
0.680601,
0.676093,
0.671559,
0.667,
0.662416,
0.657807,
0.653173,
0.648514,
0.643832,
0.639124,
0.634393,
0.629638,
0.62486,
0.620057,
0.615232,
0.610383,
0.605511,
0.600616,
0.595699,
0.59076,
0.585798,
0.580814,
0.575808,
0.570781,
0.565732,
0.560662,
0.55557,
0.550458,
0.545325,
0.540171,
0.534998,
0.529804,
0.52459,
0.519356,
0.514103,
0.50883,
0.503538,
0.498228,
0.492898,
0.48755,
0.482184,
0.476799,
0.471397,
0.465977,
0.460539,
0.455084,
0.449611,
0.444122,
0.438616,
0.433094,
0.427555,
0.422,
0.41643,
0.410843,
0.405241,
0.399624,
0.393992,
0.388345,
0.382683,
0.377007,
0.371317,
0.365613,
0.359895,
0.354164,
0.348419,
0.342661,
0.33689,
0.331106,
0.32531,
0.319502,
0.313682,
0.30785,
0.302006,
0.296151,
0.290285,
0.284408,
0.27852,
0.272621,
0.266713,
0.260794,
0.254866,
0.248928,
0.24298,
0.237024,
0.231058,
0.225084,
0.219101,
0.21311,
0.207111,
0.201105,
0.19509,
0.189069,
0.18304,
0.177004,
0.170962,
0.164913,
0.158858,
0.152797,
0.14673,
0.140658,
0.134581,
0.128498,
0.122411,
0.116319,
0.110222,
0.104122,
0.0980171,
0.091909,
0.0857973,
0.0796824,
0.0735646,
0.0674439,
0.0613207,
0.0551952,
0.0490677,
0.0429383,
0.0368072,
0.0306748,
0.0245412,
0.0184067,
0.0122715,
0.00613588,
6.12323e-17,
-0.00613588,
-0.0122715,
-0.0184067,
-0.0245412,
-0.0306748,
-0.0368072,
-0.0429383,
-0.0490677,
-0.0551952,
-0.0613207,
-0.0674439,
-0.0735646,
-0.0796824,
-0.0857973,
-0.091909,
-0.0980171,
-0.104122,
-0.110222,
-0.116319,
-0.122411,
-0.128498,
-0.134581,
-0.140658,
-0.14673,
-0.152797,
-0.158858,
-0.164913,
-0.170962,
-0.177004,
-0.18304,
-0.189069,
-0.19509,
-0.201105,
-0.207111,
-0.21311,
-0.219101,
-0.225084,
-0.231058,
-0.237024,
-0.24298,
-0.248928,
-0.254866,
-0.260794,
-0.266713,
-0.272621,
-0.27852,
-0.284408,
-0.290285,
-0.296151,
-0.302006,
-0.30785,
-0.313682,
-0.319502,
-0.32531,
-0.331106,
-0.33689,
-0.342661,
-0.348419,
-0.354164,
-0.359895,
-0.365613,
-0.371317,
-0.377007,
-0.382683,
-0.388345,
-0.393992,
-0.399624,
-0.405241,
-0.410843,
-0.41643,
-0.422,
-0.427555,
-0.433094,
-0.438616,
-0.444122,
-0.449611,
-0.455084,
-0.460539,
-0.465977,
-0.471397,
-0.476799,
-0.482184,
-0.48755,
-0.492898,
-0.498228,
-0.503538,
-0.50883,
-0.514103,
-0.519356,
-0.52459,
-0.529804,
-0.534998,
-0.540171,
-0.545325,
-0.550458,
-0.55557,
-0.560662,
-0.565732,
-0.570781,
-0.575808,
-0.580814,
-0.585798,
-0.59076,
-0.595699,
-0.600616,
-0.605511,
-0.610383,
-0.615232,
-0.620057,
-0.62486,
-0.629638,
-0.634393,
-0.639124,
-0.643832,
-0.648514,
-0.653173,
-0.657807,
-0.662416,
-0.667,
-0.671559,
-0.676093,
-0.680601,
-0.685084,
-0.689541,
-0.693971,
-0.698376,
-0.702755,
-0.707107,
-0.711432,
-0.715731,
-0.720003,
-0.724247,
-0.728464,
-0.732654,
-0.736817,
-0.740951,
-0.745058,
-0.749136,
-0.753187,
-0.757209,
-0.761202,
-0.765167,
-0.769103,
-0.77301,
-0.776888,
-0.780737,
-0.784557,
-0.788346,
-0.792107,
-0.795837,
-0.799537,
-0.803208,
-0.806848,
-0.810457,
-0.814036,
-0.817585,
-0.821102,
-0.824589,
-0.828045,
-0.83147,
-0.834863,
-0.838225,
-0.841555,
-0.844854,
-0.84812,
-0.851355,
-0.854558,
-0.857729,
-0.860867,
-0.863973,
-0.867046,
-0.870087,
-0.873095,
-0.87607,
-0.879012,
-0.881921,
-0.884797,
-0.88764,
-0.890449,
-0.893224,
-0.895966,
-0.898674,
-0.901349,
-0.903989,
-0.906596,
-0.909168,
-0.911706,
-0.91421,
-0.916679,
-0.919114,
-0.921514,
-0.92388,
-0.92621,
-0.928506,
-0.930767,
-0.932993,
-0.935184,
-0.937339,
-0.939459,
-0.941544,
-0.943593,
-0.945607,
-0.947586,
-0.949528,
-0.951435,
-0.953306,
-0.955141,
-0.95694,
-0.958703,
-0.960431,
-0.962121,
-0.963776,
-0.965394,
-0.966976,
-0.968522,
-0.970031,
-0.971504,
-0.97294,
-0.974339,
-0.975702,
-0.977028,
-0.978317,
-0.97957,
-0.980785,
-0.981964,
-0.983105,
-0.98421,
-0.985278,
-0.986308,
-0.987301,
-0.988258,
-0.989177,
-0.990058,
-0.990903,
-0.99171,
-0.99248,
-0.993212,
-0.993907,
-0.994565,
-0.995185,
-0.995767,
-0.996313,
-0.99682,
-0.99729,
-0.997723,
-0.998118,
-0.998476,
-0.998795,
-0.999078,
-0.999322,
-0.999529,
-0.999699,
-0.999831,
-0.999925,
-0.999981,
-1,
-0.999981,
-0.999925,
-0.999831,
-0.999699,
-0.999529,
-0.999322,
-0.999078,
-0.998795,
-0.998476,
-0.998118,
-0.997723,
-0.99729,
-0.99682,
-0.996313,
-0.995767,
-0.995185,
-0.994565,
-0.993907,
-0.993212,
-0.99248,
-0.99171,
-0.990903,
-0.990058,
-0.989177,
-0.988258,
-0.987301,
-0.986308,
-0.985278,
-0.98421,
-0.983105,
-0.981964,
-0.980785,
-0.97957,
-0.978317,
-0.977028,
-0.975702,
-0.974339,
-0.97294,
-0.971504,
-0.970031,
-0.968522,
-0.966976,
-0.965394,
-0.963776,
-0.962121,
-0.960431,
-0.958703,
-0.95694,
-0.955141,
-0.953306,
-0.951435,
-0.949528,
-0.947586,
-0.945607,
-0.943593,
-0.941544,
-0.939459,
-0.937339,
-0.935184,
-0.932993,
-0.930767,
-0.928506,
-0.92621,
-0.92388,
-0.921514,
-0.919114,
-0.916679,
-0.91421,
-0.911706,
-0.909168,
-0.906596,
-0.903989,
-0.901349,
-0.898674,
-0.895966,
-0.893224,
-0.890449,
-0.88764,
-0.884797,
-0.881921,
-0.879012,
-0.87607,
-0.873095,
-0.870087,
-0.867046,
-0.863973,
-0.860867,
-0.857729,
-0.854558,
-0.851355,
-0.84812,
-0.844854,
-0.841555,
-0.838225,
-0.834863,
-0.83147,
-0.828045,
-0.824589,
-0.821102,
-0.817585,
-0.814036,
-0.810457,
-0.806848,
-0.803208,
-0.799537,
-0.795837,
-0.792107,
-0.788346,
-0.784557,
-0.780737,
-0.776888,
-0.77301,
-0.769103,
-0.765167,
-0.761202,
-0.757209,
-0.753187,
-0.749136,
-0.745058,
-0.740951,
-0.736817,
-0.732654,
-0.728464,
-0.724247,
-0.720003,
-0.715731,
-0.711432,
-0.707107,
-0.702755,
-0.698376,
-0.693971,
-0.689541,
-0.685084,
-0.680601,
-0.676093,
-0.671559,
-0.667,
-0.662416,
-0.657807,
-0.653173,
-0.648514,
-0.643832,
-0.639124,
-0.634393,
-0.629638,
-0.62486,
-0.620057,
-0.615232,
-0.610383,
-0.605511,
-0.600616,
-0.595699,
-0.59076,
-0.585798,
-0.580814,
-0.575808,
-0.570781,
-0.565732,
-0.560662,
-0.55557,
-0.550458,
-0.545325,
-0.540171,
-0.534998,
-0.529804,
-0.52459,
-0.519356,
-0.514103,
-0.50883,
-0.503538,
-0.498228,
-0.492898,
-0.48755,
-0.482184,
-0.476799,
-0.471397,
-0.465977,
-0.460539,
-0.455084,
-0.449611,
-0.444122,
-0.438616,
-0.433094,
-0.427555,
-0.422,
-0.41643,
-0.410843,
-0.405241,
-0.399624,
-0.393992,
-0.388345,
-0.382683,
-0.377007,
-0.371317,
-0.365613,
-0.359895,
-0.354164,
-0.348419,
-0.342661,
-0.33689,
-0.331106,
-0.32531,
-0.319502,
-0.313682,
-0.30785,
-0.302006,
-0.296151,
-0.290285,
-0.284408,
-0.27852,
-0.272621,
-0.266713,
-0.260794,
-0.254866,
-0.248928,
-0.24298,
-0.237024,
-0.231058,
-0.225084,
-0.219101,
-0.21311,
-0.207111,
-0.201105,
-0.19509,
-0.189069,
-0.18304,
-0.177004,
-0.170962,
-0.164913,
-0.158858,
-0.152797,
-0.14673,
-0.140658,
-0.134581,
-0.128498,
-0.122411,
-0.116319,
-0.110222,
-0.104122,
-0.0980171,
-0.091909,
-0.0857973,
-0.0796824,
-0.0735646,
-0.0674439,
-0.0613207,
-0.0551952,
-0.0490677,
-0.0429383,
-0.0368072,
-0.0306748,
-0.0245412,
-0.0184067,
-0.0122715,
-0.00613588